1 -0.00369853  0.00726441 -0.00137564 0.000382794 0.000262184  -0.0586831           0
0 0 0 0 0 0 0 0
3 -0.00597292   0.0160006 7.23749e-05  0.00101871 0.000264225   -0.120366           0
9 -0.00111531   0.0417301  0.00312587  0.00312258  0.00260465   -0.320733           0
4  -0.00608726    0.0200119 -0.000866469   0.00161381  0.000519518    -0.152204            0
7 -0.00672579   0.0338592  0.00423535  0.00245219  0.00104839   -0.251613           0
18 0.00503266  0.0620759 0.00508687   0.020471  0.0135864   -1.00112          0
20 -0.00454411   0.0571445  0.00637801    0.028272  0.00980685    -1.16255           0
13 -0.00822829   0.0566708  0.00600279  0.00876582  0.00372462   -0.611048           0
2 -0.00512119    0.011122 -0.00128341 0.000780059 0.000331146  -0.0890818           0
6 -0.00808737   0.0297061  0.00367136  0.00196738 0.000866633   -0.217657           0
5 -0.00709543   0.0247898 0.000828719  0.00160928 0.000937245   -0.184571           0
8 -0.00373384   0.0382754  0.00333556  0.00264168  0.00193324   -0.285941           0
21 0.00169577  0.0566243 0.00234299  0.0308535   0.014514     -1.245          0
27  0.00863351   0.0678112 0.000825759   0.0401644   0.0255046    -1.74889           0
24 -0.00256842   0.0639826 -0.00898689   0.0334248   0.0134405    -1.49476           0
17 -0.00153052   0.0647265  0.00567524   0.0162829  0.00968923   -0.921795           0
10 -0.00190215   0.0460194  0.00403433  0.00486411   0.0033428   -0.390691           0
11 -0.00159329   0.0507729 0.000723908  0.00500116  0.00382627   -0.463096           0
12 -0.00394901   0.0539263  0.00166936  0.00660586  0.00407059   -0.536572           0
15 -0.00475625   0.0615569  0.00594926   0.0122317  0.00667067   -0.764601           0
14 -0.00640878   0.0594078  0.00566332   0.0101988  0.00510595   -0.687529           0
26 0.00679779  0.0670629 -0.0050738  0.0374914  0.0227693   -1.66439          0
16 -0.00643248   0.0641755  0.00442205   0.0137557  0.00672012   -0.842493           0
30 0.00375076  0.0708039 0.00322484  0.0469639  0.0238417   -1.99869          0
19 0.00328786  0.0591037 0.00548815  0.0246377  0.0135591   -1.08142          0
29  0.00571659   0.0697501 0.000567094   0.0447006   0.0242729     -1.9164           0
35  0.0156132  0.0769429 -0.0101655  0.0567988  0.0419922   -2.44505          0
22  0.00460116   0.0583626 -0.00873187   0.0316832     0.01689    -1.32761           0
25  0.00127845   0.0665116 -0.00600054   0.0346268   0.0173983    -1.57984           0
23 -0.00316702   0.0610447  -0.0101709   0.0326231   0.0122503    -1.41085           0
33  0.00446179   0.0731529 -0.00291341   0.0535875   0.0274578    -2.24348           0
34 0.00854316  0.0758047 -0.0111634  0.0547564  0.0327448   -2.36449          0
37 -0.000308848    0.0813177  0.000174046    0.0584698    0.0245265     -2.60094            0
28 0.00451186   0.067497 0.00306949  0.0439199  0.0224407   -1.83302          0
44 -0.0065107   0.101429  0.0107303  0.0597882   0.023094   -3.18589          0
32 0.00472734  0.0728386 0.00205677  0.0509857  0.0267653   -2.16267          0
31 -0.00222764   0.0726425  0.00504792   0.0480539   0.0182881    -2.08079           0
49 0.00720296 -0.0806983  0.0115985   0.369899  0.0516966    -3.4495          0
36  0.00365802   0.0796558 -0.00711712   0.0569382   0.0280307    -2.52397           0
38 0.00348709  0.0834706 0.00527585  0.0592098  0.0312638   -2.67597          0
40 0.00619599  0.0899175 0.00832737  0.0591082  0.0378831   -2.85349          0
46 0.00264397  0.0744918  0.0039693   0.109722  0.0403627    -3.3269          0
51 0.00252351  -0.370085  0.0151389   0.855625  0.0470306   -3.48388          0
50 0.0080265 -0.205491 0.0119955  0.578499  0.054345  -3.47867         0
42 0.00288125  0.0966956  0.0187148  0.0580403  0.0356112   -3.01658          0
43 -0.000651447    0.0993078    0.0215236    0.0590004    0.0316526     -3.10524            0
41 0.0145005 0.0941729 0.0151935  0.058212 0.0517483  -2.95371         0
39 0.00408698  0.0859178 0.00767767  0.0595908  0.0331969   -2.74883          0
66  -0.0458251    -1.53394 -0.00336374     2.56555  -0.0328434    -3.25861           0
64   -0.0396588     -1.51239 -0.000628698      2.60392   -0.0226055     -3.19421            0
63 -0.0345602   -1.49427 0.00256974    2.60547 -0.0128486    -3.1728          0
60 -0.0357159   -1.40137 0.00747274    2.52219 -0.0164586   -3.15598          0
55 -0.00631168    -0.99925  0.00831838     1.90826   0.0341056    -3.31935           0
47 0.00222306  0.0303001  0.0179859   0.184971  0.0422166   -3.38656          0
48 0.00365635 -0.0183262  0.0128791   0.266174   0.044656    -3.4207          0
45 -0.00886254     0.09287   0.0141731   0.0776286   0.0207846    -3.25951           0
53 -0.00111871   -0.757781   0.0130576     1.50752   0.0431187    -3.40951           0
52 -0.00520647   -0.628509   0.0133285     1.29086   0.0344772    -3.44473           0
54 -0.00384394   -0.883242   0.0101378     1.71672   0.0379801    -3.36595           0
61 -0.0414109   -1.43932  0.0132543    2.56535 -0.0245551   -3.15387          0
136 -0.0104541  0.0615418  0.0282016   -3.48456   0.122014   -8.32114          0
57  -0.0179099    -1.19611 -0.00636784     2.22653  0.00864376    -3.22891           0
56 -0.00664401    -1.10638   0.0141236     2.08405   0.0366998    -3.27117           0
62  -0.0329266    -1.46926   0.0090865     2.59112 -0.00847834    -3.16052           0
58 -0.0161038   -1.30135 0.00519369    2.38709  0.0174152   -3.18481          0
59 -0.0179188     -1.357  0.0119361    2.46613  0.0180754   -3.16597          0
72   -0.0497619     -1.50665 -0.000722986      2.09957   -0.0257669     -3.70578            0
68 -0.0515997   -1.54278 -0.0118206     2.4922 -0.0427944   -3.34329          0
69 -0.0569948   -1.53541 -0.0181792    2.40281 -0.0514505   -3.42549          0
70 -0.0558443   -1.52292  -0.021956    2.29829 -0.0467781   -3.51713          0
67  -0.0472789    -1.53954 -0.00590907     2.53224  -0.0346826    -3.29853           0
65  -0.0430265     -1.5236 -0.00180953     2.58653  -0.0282688    -3.22511           0
74 -0.0380528    -1.5062 0.00548199    1.93003 0.00512439    -3.8885          0
73  -0.0434115    -1.50659 0.000305517     2.01468 -0.00939444    -3.79722           0
71 -0.0488863   -1.51094 -0.0182821    2.19196 -0.0291356   -3.61323          0
87 -0.0358278   -1.48013  0.0118454   0.885878  0.0429715   -4.75184          0
80 -0.0278265   -1.63656  0.0120044    1.77683  0.0417568    -4.3051          0
79 -0.0252899   -1.60589  0.0101508     1.7909  0.0449066   -4.23153          0
84  -0.0376978    -1.67636 -0.00212453     1.55079   0.0376434    -4.58448           0
75 -0.0318109   -1.51374  0.0112827    1.86305  0.0206646   -3.97492          0
78 -0.0242432   -1.58382 0.00907279    1.79709  0.0456404   -4.18226          0
76 -0.0239829   -1.53257  0.0117201    1.82117  0.0401948    -4.0564          0
86 -0.0395705   -1.58032 0.00958455    1.18737  0.0333288    -4.7054          0
83  -0.0333707    -1.68582 -0.00301841     1.64776   0.0447053    -4.51802           0
77 -0.0256419   -1.56168  0.0107537    1.80296   0.040166   -4.13282          0
82  -0.0328975    -1.68034 7.65258e-05     1.71367   0.0413074    -4.44769           0
88 -0.0148569   -1.28909  0.0110586   0.358007  0.0923829   -4.78215          0
90 -0.0294993   -1.03792  0.0121827  -0.284658  0.0614703   -4.75034          0
85  -0.0374933    -1.64357 0.000473846     1.40327   0.0398562    -4.64796           0
81 -0.0297552   -1.66431  0.0103445    1.75825  0.0413603   -4.37659          0
100 0.0043734 -0.245875 0.0372385  -2.15605  0.110692  -4.79925         0
93 -0.021025 -0.626919 0.0176095  -1.26304 0.0762627  -4.58157         0
103 0.000820716   -0.235787   0.0329119    -2.20879    0.110944    -5.02708           0
106 -0.00943285   -0.216615   0.0340814    -2.28106   0.0864951    -5.23044           0
102 -0.0125406  -0.239814  0.0350203   -2.19048  0.0751508   -4.96068          0
97 -0.00423502   -0.211766   0.0437968    -2.20548    0.079485    -4.51862           0
99 -0.00557085   -0.235412   0.0477165    -2.16838   0.0735923    -4.69245           0
91 -0.0325381  -0.899235  0.0215179  -0.623815  0.0466443   -4.70683          0
89 -0.0180903    -1.1698  0.0102116  0.0466219  0.0865666   -4.77551          0
105 -0.0123111  -0.224058    0.04007   -2.25399  0.0705363    -5.1623          0
92 -0.0328664  -0.761668  0.0215993  -0.951189  0.0466201   -4.64989          0
98 -0.0145264  -0.224766  0.0465103   -2.18566  0.0542721   -4.61955          0
96 0.00576907  -0.218854  0.0313373   -2.18002   0.115817   -4.41991          0
95 0.00540831   -0.31331  0.0291449   -1.96495   0.118142   -4.40559          0
94 -0.00112887   -0.442926   0.0162713    -1.67793    0.120122    -4.47347           0
101 -0.0130009  -0.245211  0.0340357   -2.16947   0.075062   -4.89796          0
108 -0.00230841   -0.212416   0.0265402    -2.30878    0.116675    -5.38531           0
104 -0.00383284   -0.231826   0.0411405    -2.22654    0.089502    -5.09599           0
118 -0.00871664   -0.199292   0.0441359    -2.49779   0.0949601    -6.68174           0
125 -0.00352622  -0.0515508   0.0689552    -3.06303   0.0812403    -7.42881           0
119 -0.00925399   -0.181576   0.0346645    -2.56656    0.108947    -6.77585           0
111 -0.00657456   -0.226014   0.0466964    -2.30625    0.082734    -5.73446           0
123 0.00446641 -0.0761459   0.055535   -2.96841   0.129288   -7.22133          0
122 -0.0145643  -0.107574  0.0491856   -2.85088  0.0704165   -7.10721          0
127 -0.00264221  -0.0218508   0.0590669     -3.1771    0.101236    -7.62561           0
126  0.0107678 -0.0410643   0.069158   -3.10432   0.134971    -7.5342          0
115 -0.00201494    -0.22621   0.0408871    -2.36783    0.112901    -6.27366           0
113 -0.00148881   -0.232838   0.0474543    -2.31498    0.100402    -5.99373           0
107 -0.00454097   -0.213436   0.0302038    -2.29767    0.105147    -5.30576           0
114 -0.0172049  -0.230823  0.0363414   -2.33508  0.0717783   -6.11495          0
116 -0.00990297    -0.22034   0.0357789    -2.39879   0.0977786    -6.38895           0
109 -0.00639208   -0.213266   0.0371303    -2.31494    0.092605    -5.46823           0
110 -0.00338171    -0.22056   0.0548786    -2.30756   0.0785478    -5.60209           0
112 -0.00560255   -0.229184    0.041799    -2.31173   0.0944812    -5.86404           0
120 0.0111272 -0.166988 0.0375445  -2.62637  0.173639  -6.87262         0
117 -0.0117826  -0.206466  0.0480298    -2.4593  0.0769272   -6.53166          0
131 0.0185755 0.0420532 0.0348299  -3.41962  0.226487  -7.93273         0
135 0.00963521  0.0568413  0.0416579    -3.4687   0.182631   -8.24395          0
132 0.00448028  0.0477553  0.0361217   -3.43941   0.168055   -8.00731          0
137 -0.00973078    0.064875   0.0206248    -3.49594    0.138503    -8.39957           0
128    0.0111883 -0.000760992    0.0427115     -3.25763     0.181034     -7.71381            0
121 -0.00826474   -0.142132   0.0360229    -2.72178    0.111441    -6.99653           0
124 -0.000737233   -0.0613279    0.0604026     -3.02487     0.103758     -7.32142            0
130 -0.00232266   0.0322673   0.0195096    -3.38229    0.167839    -7.86744           0
134 0.00518946  0.0550903  0.0399202   -3.46394   0.166396   -8.16289          0
133 -0.0083912  0.0526842  0.0457805   -3.45624   0.100476    -8.0832          0
143 -0.00649382   0.0727778   0.0470099    -3.51082    0.114422      -8.879           0
140 -0.00335278   0.0685372   0.0357401    -3.50207    0.143755    -8.64339           0
150 -0.00419135  -0.0046163   0.0284318    -3.12561    0.167407    -9.71488           0
144 0.0122722 0.0763999 0.0444045  -3.52441  0.203924  -8.94969         0
141 0.00244109  0.0694208    0.04252   -3.50306   0.159217   -8.72386          0
139 -0.00576828   0.0678965   0.0262443    -3.50226     0.14783    -8.56175           0
138 0.00446164  0.0670058  0.0269376   -3.50178   0.189875   -8.47926          0
142 -0.00134819   0.0704799   0.0434758    -3.50412    0.142286    -8.80316           0
129 -0.00574907   0.0190941   0.0266469    -3.33218    0.142313    -7.80631           0
159  0.00854294   0.0377722 -0.00827678    -3.32704    0.297772     -10.442           0
158  0.00115479   0.0363877 -0.00561935    -3.32164    0.254373    -10.3767           0
148 -0.00454741   0.0384031   0.0411378    -3.33233    0.139958    -9.42486           0
149 -0.0122472  0.0110253  0.0404917   -3.20098    0.10729   -9.59651          0
151  0.00202939 -0.00473426    0.032028    -3.12534    0.193304    -9.80979           0
147 -0.00806688   0.0635986   0.0317636    -3.45288    0.136195    -9.25337           0
145 0.00220272    0.07709  0.0388917   -3.52217   0.168271   -9.06075          0
146 -0.00699936   0.0757201    0.035523    -3.51219    0.133118    -9.13357           0
152 -0.00956354 -0.00410762   0.0468195    -3.12767    0.114335    -9.90576           0
161 -0.00760528    0.039001  -0.0149351    -3.33014    0.224433    -10.5751           0
160 0.00921844  0.0391527 -0.0107599   -3.33271   0.306192   -10.5071          0
157 0.00964062  0.0332817  0.0111921   -3.30851   0.270534   -10.2786          0
168 -0.00857296    0.428473  -0.0085376     -5.3925    0.217523    -10.3593           0
162 -0.00558708    0.039559  -0.0125581    -3.33176    0.232496    -10.6728           0
154 0.0193789 0.0176693 0.0362805  -3.23495  0.278408  -10.0651         0
153 -0.0170739 0.00585002  0.0411896   -3.17631  0.0862627   -9.98772          0
155 0.00228433  0.0269001  0.0377003   -3.27912   0.189622   -10.1526          0
167 0.000653208     0.28617  -0.0287471     -4.6402    0.302997    -10.6085           0
163  0.0101719  0.0403481 -0.0134129   -3.33316   0.320307   -10.7618          0
156 0.00263332  0.0299512  0.0218828   -3.29287   0.216591   -10.2161          0
165 0.00108553   0.100339 -0.0315991   -3.65044   0.303053   -10.8222          0
171 0.0207147  0.935001 0.0769141  -7.98971  0.179059  -9.10851         0
169 -0.0140852   0.593491   0.030171   -6.25371    0.11036   -10.0099          0
166 0.00788536   0.175933 -0.0338931   -4.05355   0.347165   -10.7568          0
164 0.0107658 0.0563941 -0.026895  -3.41667  0.346331  -10.8194         0
170 0.00333226   0.768105  0.0550663   -7.15012   0.145871    -9.5771          0
174 0.0248739   1.27759 0.0544848  -9.66022  0.230889  -7.97311         0
178 0.0201442     1.573  0.054097  -10.9763   0.18503  -6.86898         0
172  0.026729   1.04848 0.0758784  -8.55164  0.204722  -8.75753         0
173 0.0284023    1.1655  0.060043   -9.1228   0.24378   -8.3687         0
176 0.0276037   1.46054  0.055404  -10.5045  0.230007  -7.28766         0
180 0.0095137   1.62637 0.0560325   -11.115  0.117938  -6.73978         0
175 0.0274697   1.37617 0.0567577  -10.1216  0.232076  -7.60829         0
188 0.0267023    1.6145 0.0458258  -10.4456   0.23146  -7.36591         0
181 0.0106686   1.62932 0.0558482  -11.0746  0.123704  -6.77699         0
183  0.011405   1.62727 0.0486397  -10.9447  0.146137  -6.89918         0
177 0.0240298   1.52514  0.053921  -10.7835  0.209922  -7.04334         0
191  0.036972   1.63748 0.0414447  -10.2195  0.291674  -7.59484         0
189 0.0312184   1.62062 0.0410183  -10.3622  0.266105  -7.44924         0
179  0.011704   1.61684 0.0568382  -11.1202  0.128542  -6.73555         0
184 0.00964926    1.62458  0.0471322   -10.8655   0.139824   -6.97282          0
185 0.0112782   1.62189 0.0463009   -10.783  0.150158  -7.04981         0
182 0.0116249    1.6287 0.0558605   -11.014  0.128083  -6.83446         0
193 0.0193586   1.63946 0.0446674  -9.99943  0.185894  -7.79991         0
192 0.0263197   1.64147 0.0444533  -10.1252  0.225494  -7.68567         0
198 0.0326361   1.63614 0.0367698  -9.47336  0.269855  -8.28891         0
199 0.0278005   1.65035 0.0394608  -9.44588  0.236873  -8.33588         0
186 0.0159547   1.61859 0.0419322  -10.6935  0.186029  -7.13299         0
187 0.0237621   1.61532  0.045204  -10.5643  0.218297  -7.25359         0
194 0.0214303   1.63551 0.0434917  -9.90306  0.199469  -7.88444         0
206 0.000698947     1.63057   0.0723731    -8.63723   0.0341369    -9.01802           0
204 -0.00215512     1.65692   0.0754074    -8.96137   0.0102885     -8.7756           0
197 0.0408463   1.62593 0.0377028  -9.56094  0.316213  -8.19165         0
190 0.0443189   1.62943 0.0443408   -10.293  0.327717  -7.51918         0
209 0.00600054    1.54977  0.0523891   -7.92111  0.0930412   -9.49576          0
203 0.00121344    1.66854  0.0736394   -9.14289  0.0300252   -8.63328          0
200 0.0248996   1.66335 0.0514021   -9.4122  0.198645  -8.38594         0
195 0.0339449   1.62993 0.0354958  -9.76198  0.283912  -8.00836         0
196 0.0319579   1.62627 0.0341827  -9.67091  0.275229  -8.08958         0
205 0.000502496      1.6438   0.0728954    -8.78218   0.0307191    -8.91257           0
201  0.012126   1.66945 0.0600059  -9.34154  0.111962  -8.45809         0
213 0.00814495    1.23114  0.0310517   -5.90579   0.139021   -10.4122          0
219 -0.00573255    0.306169   0.0179361   -0.451077   0.0838203    -11.5575           0
221 -0.00636534    0.145074    0.016387    0.489919   0.0835047    -11.6452           0
210 -0.0103499    1.52204  0.0337621   -7.69991  0.0206732    -9.6314          0
202 0.00616329     1.6711  0.0672137   -9.25103  0.0670452   -8.54172          0
216 0.00458125   0.791661  0.0332275   -3.29353   0.132159   -11.1587          0
207 0.00561039    1.61242  0.0736938   -8.45275  0.0623053   -9.14903          0
215 0.0146749  0.915634 0.0387319  -4.02557  0.184666    -10.99         0
223 -0.00473062   0.0682308   0.0079225    0.941263   0.0908152    -11.7516           0
208 0.00970646    1.57315  0.0653874   -8.11544  0.0980944   -9.37155          0
214 0.00989893    1.08495  0.0449459   -5.03066   0.147515   -10.7073          0
212 -0.00434663      1.3449   0.0367967    -6.59429   0.0595584    -10.1427           0
226 -0.00702109   0.0353597  0.00591538        1.14   0.0786431     -11.974           0
225 -0.00846932   0.0401934  0.00618045     1.10954   0.0692383    -11.8932           0
224 -0.00654368   0.0504427  0.00797466     1.04762   0.0810186    -11.8188           0
218 0.000895822    0.411732   0.0212822    -1.06745    0.120846    -11.4985           0
211 -0.00953218     1.45044   0.0375505    -7.24441   0.0245901    -9.85599           0
222 -0.00565024   0.0973406   0.0107768    0.769356   0.0859906    -11.6936           0
229 -0.0131657  0.0393158 0.00522384    1.12124  0.0419382   -12.2509          0
220 -0.00812049    0.215335   0.0176138   0.0791351    0.071988    -11.6032           0
227 -0.00287959   0.0334598  0.00609155     1.15277    0.103886    -12.0608           0
230 -0.0163067  0.0400771 0.00929115    1.11912  0.0265491   -12.3487          0
217 -0.00258417    0.593778   0.0325522    -2.13102   0.0967347    -11.3653           0
234 -0.00115608   0.0455585  0.00287853     1.09818    0.124639    -12.9378           0
233 -0.0171473  0.0442975 -0.0015567    1.10251  0.0160463   -12.7689          0
228 -0.00362988   0.0359734   0.0043271     1.13935   0.0988892    -12.1541           0
236 -0.00808311   0.0454894 -0.00154918     1.10445   0.0774069    -13.1706           0
240  -0.0151143   0.0566708 -0.00737457     1.04029   0.0309677    -13.5988           0
232  -0.0045304   0.0410485 -1.2196e-05     1.11896   0.0950077    -12.6057           0
242 -0.00599134   0.0624721 -0.00153049     1.00891     0.10176    -13.8445           0
238 -0.00285627   0.0509715  -0.0043092     1.07342     0.11352    -13.4141           0
241   -0.014699   0.0599328 -0.00482769     1.02189   0.0375834    -13.7224           0
248 -0.00394058   0.0632827   0.0122826      1.0271     0.13752    -14.5543           0
239 -0.00461609   0.0529357 -0.00603895     1.06203    0.101549    -13.4754           0
231 -0.000388049    0.0391135   0.00883684      1.12751     0.125516     -12.4486            0
237 -0.00931048   0.0472478 -0.00295578      1.0954   0.0699282    -13.2916           0
245 -0.0121112  0.0643676 0.00255728    1.00826  0.0669685   -14.2026          0
235 0.000113454   0.0444384  0.00102753      1.1086    0.132222     -13.052           0
256 -0.00803027   0.0579539   0.0294897     1.09866     0.13392    -15.4842           0
252 -0.0123209  0.0604169  0.0299039    1.06451  0.0948758   -15.0156          0
251 -0.0118781  0.0606555  0.0272962    1.05857  0.0947296   -14.8999          0
243 -0.00163802     0.06453  0.00335194    0.998059    0.137578    -13.9639           0
247 -0.00802988   0.0634515  0.00810284     1.02256     0.10383    -14.4376           0
244 -0.0049656  0.0643025 0.00265069    1.00432   0.115542   -14.0843          0
246 -0.0123117   0.064768 0.00418661    1.00868  0.0683249   -14.3216          0
250 -0.00827887   0.0617772   0.0212201     1.04592    0.115274    -14.7854           0
253 -0.00842091   0.0607861   0.0294087     1.06526    0.125432    -15.1326           0
255 -0.00741341   0.0592053   0.0297541     1.08506    0.137214    -15.3668           0
254 -0.00788595   0.0607756   0.0301092     1.06908    0.132146    -15.2498           0
249 0.00128266  0.0623144  0.0165801    1.03794   0.180686   -14.6701          0
258 -0.0158785  0.0572963  0.0295777    1.11174  0.0756944   -15.7246          0
260 -0.00142124   0.0561928   0.0283598     1.12982    0.193923    -16.0267           0
263 -0.00276548   0.0575763   0.0158863     1.13095    0.179797    -16.3877           0
257 -0.00787669   0.0569103   0.0286057     1.11077    0.136242    -15.6035           0
259 -0.0079614  0.0572223  0.0282179      1.116   0.139239   -15.8456          0
268  0.00433661   0.0642019 -0.00655885     1.09562    0.232432    -16.9697           0
264 0.00238896  0.0586874  0.0100437    1.12536   0.219838   -16.5072          0
261 -0.00310449   0.0563383   0.0239601     1.13303    0.179129    -16.1475           0
265 -0.00506465   0.0595979    0.004402     1.12177    0.155527    -16.6254           0
266 -0.00513106   0.0598909  0.00154939     1.12475    0.154728    -16.7417           0
262 -0.00714526   0.0568807    0.019711     1.13289    0.144842    -16.2682           0
269 -0.000165218    0.0677204  -0.00998128      1.07165     0.193669     -17.1369            0
267 0.000180662   0.0626211 -0.00244837     1.10457    0.198377    -16.8572           0
270 -0.000555153    0.0692692  -0.00910781      1.06282     0.192672     -17.2449            0
273  0.00131523   0.0620997 -0.00715297      1.1437    0.220006    -17.7265           0
274  0.00658488   0.0576801 -0.00881292     1.18526    0.267825    -17.8489           0
271 0.000301397   0.0706127 -0.00447359     1.05712    0.206469    -17.4006           0
287 0.0480206   1.62861 0.0332875  -13.4004  0.622092  -16.1776         0
286 0.0488119   1.55956 0.0199611  -12.7696  0.653349  -16.4225         0
282  0.0526691   0.989746 0.00939547   -7.39881   0.713383   -18.0021          0
281  0.038682  0.797459 0.0231305  -5.60281  0.580547  -18.2949         0
279  0.014371  0.454752 0.0106712  -2.42474  0.361755  -18.5231         0
280 0.0226012  0.617379 0.0272588  -3.92909  0.436218  -18.4616         0
272 -0.00231636   0.0687576 -0.00389918      1.0791     0.18649    -17.5485           0
275 -0.00469482   0.0521661 -0.00913979     1.23883    0.169239    -17.9941           0
284  0.0521763    1.33098 -0.0173224   -10.6115   0.732883    -17.182          0
277  -0.00727091     0.139472 -0.000102044     0.457033     0.158069     -18.3552            0
276 0.000888041   0.0568587  -0.0070719     1.20074    0.224332    -18.1542           0
283    0.0476537      1.19289 -0.000160001     -9.30764       0.6713     -17.5621            0
278 0.000898711    0.269843  0.00129961   -0.728192     0.23486    -18.4808           0
298 0.0318115    1.6339 0.0525751  -12.5875  0.433024  -16.9166         0
294  0.016807   1.66604 0.0361017  -13.2909  0.307762  -16.4399         0
293 0.0227207   1.67482  0.032072  -13.4559  0.370723  -16.3321         0
299 0.0252972   1.62633 0.0525378  -12.3744  0.368145  -17.0727         0
288 0.0516946   1.66621 0.0429403  -13.7161  0.639675  -16.0623         0
285   0.0578463     1.45794 -0.00495019    -11.8143    0.774866    -16.7763           0
290 0.0216963   1.68398 0.0202151  -13.7601  0.379714  -16.1025         0
297 0.0216791   1.64012 0.0459436  -12.7382  0.341606  -16.8116         0
305 0.0245488   1.64538 0.0591176  -11.9335  0.349245  -17.6031         0
304 0.0206513   1.63794 0.0523149  -11.9449  0.316043  -17.5475         0
291 0.0333052   1.68145 0.0226562  -13.6668  0.487824   -16.173         0
289 0.0323739   1.68131 0.0362566  -13.8014  0.461085  -16.0538         0
303 0.0245263   1.63192 0.0550892  -12.0193  0.354217  -17.4415         0
292 0.0310918   1.67972 0.0274127  -13.5787  0.458834  -16.2442         0
306 0.0201252     1.652 0.0650481  -11.9124  0.302025  -17.6623         0
300 0.0246217   1.62523 0.0481753  -12.2254  0.363479  -17.2063         0
301 0.0277822   1.62726 0.0485969  -12.1543  0.393106  -17.2855         0
295 0.0183369   1.65667 0.0459498  -13.1177  0.310965  -16.5501         0
302 0.0251611   1.63002 0.0527642   -12.091  0.362933  -17.3626         0
310 0.00834268    1.65261  0.0635032   -11.5116   0.184795    -18.029          0
308   0.01531   1.66072 0.0623221  -11.7772  0.253441  -17.8395         0
296 0.0165574   1.65003 0.0469045  -12.9677  0.291888  -16.6529         0
313 0.0119322   1.62247 0.0676739   -10.926  0.222434  -18.3651         0
309 0.0132297   1.65882 0.0607354  -11.6672  0.233526  -17.9273         0
316 0.0139703   1.58483  0.068482  -10.1849  0.246843  -18.7912         0
314 0.00694831    1.60714  0.0650007   -10.6327   0.174321   -18.5292          0
315 0.00848329    1.59722  0.0661118   -10.4424   0.190713   -18.6373          0
311 0.00985062    1.64318  0.0685143    -11.322   0.199864   -18.1403          0
307 0.0132285    1.6592 0.0579791  -11.8516  0.235423  -17.7625         0
322 0.0208796   1.66725 0.0311267   -10.379   0.28988  -19.2806         0
319 0.0325447   1.59311 0.0465759  -9.88525  0.422888  -19.1563         0
323 0.0167792    1.6821 0.0321891  -10.4539   0.24825  -19.3252         0
327 0.0262937   1.69067 0.0722615  -10.1486  0.372972  -19.6538         0
312 0.0115268   1.63282 0.0696274  -11.1237  0.217259  -18.2532         0
335   0.00847   1.58742 0.0497939  -7.92341  0.170358  -20.8099         0
318 0.0220574   1.57817  0.048865  -9.84965  0.320217  -19.0663         0
324 0.0103955    1.6935 0.0339351  -10.4873  0.183733  -19.3803         0
320 0.0317962   1.62065 0.0409924  -10.0697  0.410392  -19.2035         0
317 0.0168924   1.57822 0.0592396  -9.99511  0.272943   -18.923         0
339 0.0222495   1.61627 0.0423241  -7.82983  0.296212   -21.194         0
333 0.0047507   1.59808 0.0592884   -8.3274  0.145967  -20.5192         0
340 0.00972311    1.62066  0.0435465   -7.78482    0.16828   -21.2794          0
329 0.0250287   1.66654 0.0804646  -9.64115  0.369621  -19.9127         0
332 -0.0236991    1.61954  0.0462118    -8.7077  -0.165029   -20.3548          0
328 -0.0023689    1.67975  0.0550699   -9.90639  0.0657746   -19.7795          0
331 -0.00497219     1.64009   0.0783698    -9.07896   0.0644344    -20.1967           0
330 -0.00608771     1.65656   0.0519217    -9.39649    0.020998     -20.048           0
325 0.00752652    1.69816   0.033196   -10.4422   0.153526   -19.4549          0
321 0.0266125   1.64901 0.0384922  -10.2651  0.353808  -19.2446         0
326 0.0122145     1.697 0.0458748  -10.3259  0.209573  -19.5466         0
352 0.0195082   1.64953 0.0521156  -7.27806  0.283197  -22.0405         0
351 0.0282517   1.65152  0.050163  -7.39471  0.370993   -21.955         0
350 0.0306867   1.65207 0.0470261  -7.49502   0.39011  -21.8694         0
346 0.0178503    1.6426 0.0452024  -7.66407  0.253457  -21.6172         0
337  0.007841   1.60306 0.0385132   -7.8653  0.142022  -21.0244         0
355 0.0300731   1.63983 0.0498521  -6.80579  0.387453  -22.3728         0
338 0.0178472   1.61074 0.0353609  -7.86054  0.238768  -21.1083         0
348 0.0148237   1.64719 0.0400645  -7.62327  0.209803  -21.7011         0
343 0.0234306   1.63251 0.0475728  -7.68759  0.317984  -21.4931         0
334 0.00282202    1.58691  0.0506046   -8.05866   0.113625     -20.67          0
341 0.00654565    1.62512  0.0410022    -7.7415   0.129949   -21.3656          0
336 0.0132959   1.59527 0.0560261   -7.8711  0.229101  -20.9395         0
365 0.0340845   1.78011 0.0333492  -7.79114  0.373757  -23.0633         0
353 0.0175562   1.64553 0.0442479   -7.0932  0.243371  -22.1681         0
342  0.017325   1.62986 0.0423273  -7.70341   0.24422  -21.4512         0
347 0.0122166   1.64553 0.0413828    -7.651  0.185879  -21.6588         0
344 0.0280213   1.63567 0.0492147    -7.678  0.368692  -21.5345         0
345 0.0253955   1.63915 0.0490866  -7.67141  0.340631  -21.5758         0
359 0.0452999   1.63788 0.0381061  -6.43195  0.512756  -22.6999         0
357  0.032506   1.63646 0.0474759  -6.56038  0.405123  -22.5634         0
349 0.0246028   1.65031 0.0467205  -7.56747  0.326601  -21.7851         0
361 0.0248211   1.64936 0.0326042  -6.40897  0.278496  -22.8511         0
356 0.0290932   1.63747 0.0541151  -6.65226  0.387721  -22.4895         0
368 0.0465155   2.06337 0.0309019  -11.3356  0.497872  -22.9383         0
354 0.0283758   1.64338 0.0505201  -6.97935  0.372274  -22.2507         0
382 -0.0467072   -3.05236 -0.0217447     26.426  -0.587089    16.7558          0
377 0.0502666   3.11847 0.0604339  -26.7732  0.530423  -18.6358         0
371 0.0509882   2.51374 0.0447611  -17.5218  0.566243  -21.9115         0
358 0.0273559   1.63621 0.0354928  -6.48146  0.316306   -22.634         0
369 0.0481961   2.18126 0.0343057  -12.8907  0.522833  -22.7702         0
362 0.0273035   1.65911 0.0412233  -6.47013  0.329553  -22.9064         0
360 0.0437244   1.64111 0.0386506  -6.40348  0.497274  -22.7632         0
379 -0.0594618   -3.09023 -0.0219738     26.854  -0.657051    17.4873          0
363 0.0306732   1.67328  0.042954  -6.58798  0.369717  -22.9584         0
370 0.0484643   2.31063 0.0410766  -14.6507  0.537505  -22.5057         0
366 0.0360699   1.85683 0.0337557   -8.7189  0.394201  -23.0716         0
364 0.0331963   1.72289  0.036009  -7.12359  0.374055  -23.0293         0
373 0.0566843   2.78937 0.0563729  -21.6499  0.636114  -20.7239         0
374 0.0651316   2.91281 0.0585527  -23.5828  0.731817  -20.0318         0
367 0.0410559   1.95301 0.0309192  -9.91861  0.439178  -23.0354         0
398 0.00281394   -3.08249 -0.0404233    23.2441  -0.558148    17.0898          0
378 -0.0660824   -3.11871 -0.0265781    26.9774  -0.742237    18.0367          0
376 0.0467637   3.07942 0.0591974  -26.2078   0.49242  -18.9281         0
375 0.0586441   3.01247 0.0577246  -25.1641  0.644897  -19.3965         0
372 0.0454823   2.65166 0.0510685  -19.5517   0.50441  -21.3761         0
384 -0.0380804   -3.03213 -0.0324517    26.1113  -0.658597    16.3664          0
387 -0.0259117   -3.02924 -0.0203431    25.6016  -0.465356    16.2772          0
385 -0.0327812   -3.02638 -0.0237751    25.9485  -0.537884    16.2503          0
381 -0.0502237   -3.06064 -0.0210769    26.5748  -0.598824    16.9167          0
383 -0.0467442   -3.04217 -0.0290743    26.2707  -0.665562    16.5613          0
388 -0.0195916   -3.03416 -0.0220655    25.4186  -0.453835    16.3517          0
386 -0.0271236   -3.02605  -0.013792    25.7798  -0.402361    16.2311          0
395 0.00547201   -3.06656 -0.0354635    24.0153  -0.491342     16.845          0
400  0.0103218   -3.07923 -0.0294424    22.7825  -0.419758    17.0189          0
392 -0.0037842   -3.05561 -0.0428913     24.576  -0.605774    16.6812          0
391 -0.00595063    -3.05117  -0.0511574     24.7631   -0.702003     16.6136           0
380 -0.0600049   -3.07014 -0.0219183    26.7185  -0.657705    17.1037          0
390 -0.0117083   -3.04435 -0.0369315    25.0467  -0.576387    16.5099          0
389 -0.0130684   -3.03955 -0.0241524    25.2368  -0.447608    16.4357          0
396  0.0154096   -3.07093 -0.0368274    23.8256  -0.467098    16.9119          0
401 0.00823166    -3.0772   -0.02985    22.5983  -0.431522    16.9792          0
397  0.0120324   -3.07808 -0.0431246    23.5334  -0.548256    17.0228          0
394 -0.00787151    -3.06282  -0.0392649     24.2011   -0.585612     16.7906           0
402 0.00661241   -3.07803 -0.0325027    22.4114  -0.464017    16.9856          0
413 -0.0209087   -3.07374 -0.0318626    19.9534  -0.534439    16.8438          0
403 0.00889057   -3.08334 -0.0296553    22.2218   -0.42796     17.066          0
393 -0.00651015    -3.05919  -0.0438012     24.3879   -0.627337     16.7364           0
416 -0.0269092   -3.08588 -0.0409596    19.4403  -0.636839     17.015          0
418 -0.0281981   -3.08447 -0.0369828    19.2515   -0.60062    16.9875          0
407 -6.40708e-05     -3.09519   -0.0304898      21.4717    -0.466994      17.2386            0
404 0.00775923   -3.08932 -0.0327168    22.0284  -0.463372    17.1566          0
399  0.0090194   -3.08225 -0.0486122    22.9595  -0.620244    17.0755          0
412 -0.0202983   -3.06912 -0.0218905    20.3384  -0.438742    16.7868          0
405 0.00430632   -3.09399 -0.0220049    21.8394  -0.368265    17.2289          0
406 0.00423147   -3.09523 -0.0351689    21.6518  -0.500306    17.2452          0
415  -0.029658   -3.08527 -0.0441072    19.5444  -0.672652    17.0065          0
420 -0.0258694   -3.07541 -0.0441983    18.9835  -0.659614    16.8415          0
408 -0.0178478   -3.08661 -0.0265718    21.2165  -0.484407    17.0983          0
411 -0.0100255   -3.07019 -0.0294768     20.611  -0.484031     16.811          0
414 -0.0247318   -3.07943 -0.0310967     19.752  -0.536798    16.9236          0
410 -0.00795548    -3.07171  -0.0338709     20.7913   -0.521052     16.8412           0
409 -0.0170568   -3.07777 -0.0230254    21.0541  -0.445236    16.9498          0
419 -0.0275784   -3.07889  -0.038259    19.0731  -0.608819    16.8986          0
425 -0.023753  -3.06575 -0.032982   18.4351 -0.544442   16.6762         0
422 -0.0257661   -3.07108 -0.0440526    18.8022  -0.656102    16.7705          0
421 -0.0255074   -3.07234 -0.0478917    18.8935  -0.692614    16.7927          0
417 -0.0229769   -3.08526 -0.0381133    19.3462    -0.5986    17.0019          0
435 -0.0420247   -3.07168 -0.0224898    16.5406  -0.462645    16.6622          0
431 -0.0264506   -3.05455 -0.0327674    17.4221  -0.534965    16.4669          0
430 -0.0270285   -3.05193 -0.0419987    17.6151  -0.620891    16.4401          0
427  -0.013507    -3.0607 -0.0308695    18.1618  -0.499964    16.5872          0
423 -0.025839  -3.07128 -0.033601    18.709 -0.558198   16.7675         0
426 -0.0148269   -3.06393 -0.0425321    18.3416  -0.610691    16.6427          0
424 -0.0254306   -3.06977  -0.025739    18.6187  -0.483388    16.7422          0
428 -0.0238605   -3.05681 0.00556766    17.9867  -0.188494     16.525          0
452 -0.0388108    -1.9724 0.00728025    15.4102  -0.229181     5.0427          0
439 -0.0622003   -3.07517 -0.0265812    15.7535  -0.516065    16.6884          0
433 -0.0484735   -3.06671 -0.0249129    16.8259  -0.500633    16.6085          0
429 -0.0324763   -3.05229  -0.012533    17.8066  -0.369618    16.4558          0
438 -0.0602602   -3.07433 -0.0386191    16.0001  -0.622419    16.6858          0
432 -0.0457644   -3.06384   -0.01391     17.022  -0.402234    16.5764          0
434 -0.0455161   -3.07009  -0.023555     16.635   -0.47993    16.6459          0
440 -0.0380137    -3.0901 -0.0249761    15.3923  -0.458858    16.8632          0
453 -0.0274124   -1.86141 0.00820643    15.3032  -0.198487    4.04569          0
437 -0.0579933   -3.07482 -0.0376171    16.1709  -0.614193    16.6967          0
436 -0.0467469   -3.07351 -0.0278023    16.3541  -0.513746    16.6824          0
443 -0.0358844   -3.11358 -0.0340884    14.8018  -0.525943    17.1519          0
441 -0.0334502    -3.0967 -0.0315144    15.2145  -0.506199     16.945          0
454 -0.0118127   -1.75879  0.0133395    15.1708  -0.126632    3.14027          0
447  -0.0354067    -2.70217 -0.00820385     15.1656   -0.309985     12.2976           0
448  -0.0325018      -2.495 -0.00586282      15.411   -0.293246     10.0906           0
446 -0.0635186   -2.89069 -0.0186603    14.8038  -0.425084    14.4404          0
444 -0.0496401   -3.11462  -0.031779    14.5519  -0.517389    17.1686          0
442 -0.0379321   -3.10335 -0.0331481    15.0444  -0.523503    17.0274          0
449 -0.0364956    -2.3236  -0.014368    15.5028  -0.368019    8.36083          0
445 -0.0586283   -3.08104  -0.030356    14.4264  -0.510598    16.7425          0
457 -0.00794266    -1.58261   0.0265304     14.7462  -0.0311398     1.51167           0
462 -0.0233334    -1.5455  0.0118406     14.263   -0.15524   0.799435          0
461 -0.0165729    -1.5507  0.0134395    14.3529  -0.127935   0.919736          0
450  -0.0335186    -2.20361 -0.00691808     15.5153   -0.310436     7.19475           0
472 0.00267112   -1.47354  0.0280846    12.9197  0.0420094   -1.00837          0
451 -0.0358871   -2.08501 0.00308565    15.4827  -0.248157    6.07682          0
465 -0.0212331   -1.53467 0.00615602    13.9455  -0.173927   0.410677          0
463 -0.0267516   -1.54143  0.0113896    14.1733  -0.165831   0.684167          0
459 -0.0174138   -1.56289  0.0259968    14.5693 -0.0588472    1.21196          0
460 -0.0237797   -1.55513  0.0256592     14.441 -0.0771875    1.03588          0
456 -0.0103177   -1.62729  0.0261214    14.9084 -0.0407899    1.96401          0
455 -0.00698434     -1.6809   0.0104424     15.0329   -0.132384     2.45204           0
466  -0.028313   -1.52903 0.00324515    13.8453  -0.209954   0.278106          0
458 -0.00539663    -1.57134   0.0189417      14.656  -0.0702381     1.35058           0
473 0.00150706   -1.47906  0.0387955    12.8098  0.0946815    -1.1117          0
464 -0.0256083   -1.53903  0.0165909    14.0859  -0.129312   0.578337          0
474 0.00463321    -1.4839  0.0362076    12.7404  0.0941365   -1.16948          0
471 -0.00751054    -1.46908   0.0117693     13.0768  -0.0804564   -0.846628           0
470 -0.0164967   -1.47185  0.0049786    13.2079   -0.14905  -0.685368          0
484 -0.0232398   -1.45377  0.0115031    11.7626 -0.0918402   -2.24681          0
475  0.011837   -1.4925 0.0424133   12.6451  0.151569  -1.24053         0
468  -0.0225498    -1.50073 -0.00800017     13.5258   -0.246778   -0.202833           0
467  -0.0267935    -1.51641 -0.00333819     13.6882   -0.238027     0.04815           0
469 -0.0218263   -1.48518 0.00230994    13.3644  -0.184206  -0.452424          0
482 0.0100851  -1.55805 0.0182887   12.1913 0.0496491  -1.46666         0
492 -0.0135741  -0.609562 0.00446983     8.7005 -0.0833892   -6.86035          0
481 0.00346068   -1.56788  0.0272225     12.304  0.0670387   -1.31481          0
476 0.0095738  -1.50403  0.045044   12.5997  0.158732  -1.24771         0
479 -0.0101057   -1.55722  0.0451305    12.4339   0.102162   -1.22283          0
480 -0.00626724    -1.56594    0.043258     12.3922    0.107713    -1.23291           0
478 -0.00406429    -1.54001   0.0422571     12.4869    0.104742    -1.23205           0
477 0.000645496    -1.52842   0.0412139      12.523    0.113953    -1.23859           0
485 -0.0270042   -1.39648  0.0138068    11.5604 -0.0945692   -2.62569          0
490 -0.0202621  -0.875089  0.0203933    9.73364 -0.0511536   -5.56415          0
487 -0.00631094    -1.19461   0.0119762     10.8723  -0.0273088    -3.84876           0
489 -0.0128459  -0.985823  0.0154131    10.1392 -0.0396635   -4.99303          0
486 -0.0135245   -1.28558  0.0122976    11.1816 -0.0524519   -3.31602          0
488 -0.00594036    -1.09388   0.0124491     10.5233  -0.0242477    -4.41332           0
493 -0.0169199  -0.509203 0.00170129     8.2897  -0.107123   -7.32312          0
483 -0.0178752   -1.52118  0.0164532    12.0152 -0.0528568   -1.77096          0
491 -0.0196426  -0.712238 0.00564886    9.10894  -0.104683   -6.37024          0
506 -0.00921206    -1.21633   0.0236865      10.986   0.0335659    -5.33355           0
508 -0.0185651   -1.38425   0.013593    11.5072 -0.0397622    -4.6003          0
512  -0.034646   -1.48675  0.0159363    11.6669 -0.0910699   -4.29344          0
500 -0.00342288   -0.239959   0.0488446     7.10251    0.108036    -8.87033           0
497 0.00630638  -0.227731  0.0535202    7.07349   0.164943   -8.62678          0
495 -0.00761481   -0.328249   0.0181522     7.52079  -0.0119659    -8.13359           0
494 -0.0138124  -0.414409 0.00794523     7.8913 -0.0721571   -7.75035          0
505 -0.0160969   -1.08348  0.0178854    10.5248 -0.0232733   -5.90901          0
502 0.00724336  -0.453441  0.0126002    8.02483  0.0487372   -8.29865          0
496 0.00104784  -0.264932  0.0322453    7.24185  0.0730934   -8.42716          0
503 -0.0107179  -0.620164  0.0370417    8.72935  0.0536484   -7.73716          0
499 0.00286972  -0.207652  0.0614567    6.96798   0.175348   -8.87458          0
521 -0.033331  -1.52564 0.0168906   11.0476 -0.057195  -4.91321         0
498 0.00469436  -0.209501  0.0555268    6.98556   0.163555   -8.76137          0
509 -0.0234442   -1.41945  0.0219195    11.5892 -0.0264684   -4.46925          0
504 -0.00383572   -0.860171   0.0172689     9.68797   0.0228537     -6.8344           0
517 -0.0314194   -1.50427  0.0208078    11.3837 -0.0486241   -4.57921          0
516 -0.0325943   -1.49962  0.0187072    11.4424 -0.0643104   -4.52078          0
515 -0.0295968   -1.49434  0.0144851    11.4959 -0.0688758   -4.46888          0
501 0.00920839  -0.325702  0.0505543     7.4766   0.177531    -8.6728          0
507 -0.0102069   -1.33096   0.012756    11.3551 -0.0086569   -4.82605          0
511 -0.0334263   -1.47574  0.0231865    11.6868 -0.0596752    -4.2875          0
510 -0.0276615   -1.44977  0.0280748    11.6481 -0.0180658   -4.36621          0
514 -0.0281542   -1.49098  0.0123285    11.5533 -0.0727776   -4.41157          0
533 -0.0362211   -1.49548 0.00644308    9.54245 -0.0418563   -6.51679          0
520 -0.0307985   -1.52084  0.0147448    11.1596 -0.0577145   -4.80029          0
519 -0.0285466   -1.51402  0.0176575    11.2597 -0.0419263   -4.70175          0
525 -0.0367551    -1.5223 0.00985153    10.6203 -0.0793145   -5.35826          0
522 -0.0357506   -1.52914  0.0231176    10.9725 -0.0440234   -4.98984          0
513  -0.029924   -1.48761  0.0119049    11.6073 -0.0842429   -4.35667          0
524  -0.034587   -1.52872   0.014422    10.7396 -0.0586187   -5.23113          0
523 -0.0350095   -1.53234  0.0218531    10.8475 -0.0395554   -5.11748          0
518 -0.0296702   -1.50847  0.0196891    11.3199 -0.0424252   -4.64318          0
526 -0.0398205   -1.51569  0.0122912       10.5 -0.0822196   -5.48758          0
534 -0.0384771   -1.48932 0.00543592    9.31021 -0.0455457   -6.76256          0
532 -0.0408158   -1.49933 0.00785044    9.68406 -0.0653808   -6.36694          0
538 -0.0208147   -1.48626  0.0225265    8.82432  0.0993163    -7.2975          0
527 -0.0406058   -1.51107  0.0147283    10.3889 -0.0740762   -5.60782          0
528 -0.0337105   -1.50736  0.0172763    10.2386  -0.028561   -5.76992          0
531   -0.02908   -1.50076 0.00722214    9.81793  -0.016579   -6.22405          0
530 -0.0442673   -1.49873  0.0207674    9.93859 -0.0584213   -6.09198          0
540 -0.0210909    -1.5143    0.02305    8.68008   0.112081   -7.50544          0
539 -0.0229475   -1.49239  0.0197668    8.75324  0.0876975   -7.38649          0
537 -0.0266109   -1.48345  0.0227489    8.91453  0.0668433   -7.19288          0
535 -0.0376257   -1.48572 0.00456447    9.17587  -0.037918   -6.90564          0
529 -0.0281748   -1.50164 0.00705613      10.08 -0.0261622   -5.93899          0
536 -0.0294132   -1.48217  0.0151384    9.01375  0.0326817   -7.08089          0
542 -0.0192418   -1.61269  0.0166172    8.91092   0.121669   -7.42474          0
555  -0.087447   -3.02416 0.00272914    14.6522  -0.191287  -0.678686          0
544   -0.0418687     -1.78095 -0.000659499      9.57446   -0.0165612     -6.96826            0
543 -0.0272178   -1.69904 0.00299323    9.22963  0.0614248   -7.21898          0
545 -0.0475606   -1.89679    0.01382    10.0749 -0.0138949   -6.57753          0
550  -0.061345   -2.56825  0.0294612     13.003 -0.0185577   -3.54332          0
546  -0.054074   -2.01381  0.0177928    10.5922 -0.0349073   -6.13904          0
541 -0.0221547    -1.5719  0.0208048    8.79182   0.110641   -7.48584          0
552 -0.0777569   -2.79894  0.0249713    13.9439 -0.0975462   -2.18256          0
549  -0.0546339    -2.44881   0.0244715     12.4942 -0.00349397    -4.17915           0
553 -0.0825971   -2.89593  0.0163145    14.3019  -0.138942   -1.55573          0
548 -0.0470287    -2.3369  0.0243076    12.0117  0.0292852   -4.73526          0
547 -0.0541656   -2.18381  0.0193296    11.3437 -0.0246581   -5.43532          0
567  -0.111699   -3.09083 0.00120601    12.5573  -0.222657  -0.213826          0
561  -0.107184   -3.12202 -0.0109883    14.0413  -0.288921  0.0129534          0
564   -0.123371    -3.11163 0.000560517     13.3478   -0.302722  -0.0599495           0
563   -0.115329    -3.11664 -0.00233616     13.5933   -0.285187  -0.0242729           0
554 -0.0812153   -2.97263 0.00641998    14.5447  -0.155167   -1.03827          0
556 -0.0883136   -3.06089 0.00166651    14.6744  -0.194063  -0.419713          0
551 -0.0612609   -2.68884  0.0297032    13.5055 -0.0100886   -2.85542          0
557  -0.0867333    -3.09173 -0.00171286     14.6557   -0.191785   -0.199915           0
558  -0.0972501    -3.10922 -0.00773976     14.5629   -0.253322  -0.0736379           0
559   -0.100381    -3.11902 -0.00860638     14.4248   -0.264599 -0.00246549           0
569   -0.116155    -3.08031 -0.00329046     12.0228   -0.230618   -0.290974           0
562   -0.110525    -3.11872 -0.00785405     13.8184   -0.287706 -0.00795529           0
575   -0.102611    -3.07541 -0.00561045     10.3356   -0.117807    -0.38263           0
566  -0.115462   -3.09649 0.00100895    12.8205  -0.248701  -0.170236          0
560  -0.105204   -3.12205 -0.0105503     14.248  -0.285772  0.0244406          0
570   -0.113774     -3.0762 -0.00225837     11.7548   -0.208274   -0.324268           0
571   -0.108708    -3.07365 -0.00343254     11.3663   -0.176277   -0.354265           0
565  -0.122188   -3.10417 0.00188172    13.0881   -0.28444  -0.113264          0
576   -0.101222    -3.07859 -0.00597495     10.0815   -0.103384   -0.375387           0
577 -0.102562  -3.08077 -0.015725   9.82065 -0.117214 -0.370484         0
578  -0.10541  -3.08401 -0.018905   9.55793 -0.122857 -0.362855         0
574   -0.107677    -3.07288 -0.00727178     10.5914   -0.149134   -0.385413           0
568    -0.112331     -3.08542 -0.000651427      12.2908    -0.220179    -0.253603            0
573   -0.111193    -3.07173 -0.00569216     10.8475   -0.168559   -0.382086           0
572   -0.110857    -3.07205 -0.00317792     11.1052   -0.172719   -0.371753           0
591  -0.115519   -3.08658 -0.0105972    6.01227   0.012768  -0.430314          0
580   -0.11344   -3.08939 -0.0109055    9.02213  -0.112089  -0.351625          0
579  -0.106602   -3.08671 -0.0138258    9.29075  -0.107504  -0.357146          0
582   -0.120245    -3.09231 -0.00357764     8.61009   -0.101311   -0.349859           0
581   -0.117284    -3.09093 -0.00908755     8.88715   -0.114134   -0.348944           0
584   -0.111469     -3.0956 -0.00962193     8.04944  -0.0634264   -0.351513           0
583     -0.1155    -3.09431 -0.00976972     8.33325  -0.0858119   -0.349038           0
587   -0.117858     -3.0924 -0.00888462     7.17771   -0.041251   -0.381109           0
590    -0.117156     -3.08829  -0.00811593      6.30203 -0.000457898    -0.417118            0
585  -0.113007   -3.09507 -0.0018198    7.76054 -0.0438013  -0.360191          0
588   -0.118623    -3.09092 -0.00685255     6.88525  -0.0276504   -0.393113           0
586   -0.116319    -3.09413 -0.00477503     7.46844  -0.0441914   -0.370109           0
592  -0.115569   -3.08494 -0.0120592     5.7239    0.02375   -0.44366          0
628   -0.0221481      -1.7428 -0.000495871       3.8955   0.00652533     -3.85304     0.523569
610  -0.115684    -3.0911 -0.0161818    1.37843   0.210071  -0.594029          0
607  -0.111609   -3.08361 -0.0135293    2.00984   0.184175  -0.579233          0
599  -0.112624   -3.07754 -0.0259512     4.3031   0.078948  -0.504211          0
609  -0.116715   -3.08846 -0.0144638    1.57922   0.200398  -0.589744          0
597   -0.114495    -3.08086 -0.00817762     4.86716   0.0669779    -0.48097           0
594   -0.115713    -3.08362 -0.00923158     5.43753   0.0388251   -0.455984           0
593  -0.114819   -3.08442 -0.0102578    5.58057  0.0329971  -0.449622          0
589   -0.117841    -3.08883 -0.00654433      6.4476 -0.00703023   -0.410865           0
598  -0.111514   -3.07935 -0.0210742    4.58535  0.0731324  -0.491758          0
595   -0.117378    -3.08235 -0.00977713     5.15162   0.0479536   -0.467849           0
600  -0.113762   -3.07611 -0.0215453    4.02445  0.0913444  -0.517152          0
602  -0.121204   -3.07374 -0.0268068    3.48047   0.101157  -0.539633          0
596   -0.116186     -3.0817 -0.00884772     5.01022   0.0573749   -0.474586           0
604  -0.116026    -3.0745 -0.0168324    2.95752   0.134982  -0.556954          0
611  -0.113309   -3.09323 -0.0179959    1.18982   0.219691  -0.596887          0
612  -0.113715   -3.09499 -0.0226026    1.01121   0.227246  -0.599471          0
601  -0.117958   -3.07441 -0.0243348    3.75136  0.0951659  -0.528854          0
606  -0.113116   -3.08002 -0.0167418    2.35295   0.166305  -0.571359          0
603  -0.120693   -3.07368 -0.0217363     3.2143   0.116341  -0.548757          0
608  -0.114177   -3.08602 -0.0130567    1.78981   0.192855  -0.584704          0
605  -0.113942   -3.07771 -0.0170496    2.58897    0.15491  -0.565577          0
615  -0.140228   -3.05306 -0.0266942   0.516226   0.241083  -0.621515          0
617 -0.143608  -2.94218 -0.022564  0.209869   0.25555 -0.644733         0
630 -0.0283666    -1.6348  0.0105488    3.54247 0.00237194   -4.05861   0.523569
616  -0.142922   -3.00656 -0.0267802   0.360326   0.248568  -0.632988          0
624  -0.038433   -2.22844 -0.0266197     5.2799 -0.0577806   -2.98022   0.523569
620  -0.0871414    -2.68484 -0.00930049   -0.199462    0.280058   -0.665405           0
614  -0.130701   -3.08295 -0.0260845   0.677258   0.236259  -0.611524          0
613   -0.12004   -3.09444 -0.0273103   0.842691   0.232674  -0.603978          0
627  -0.0318603    -1.82908 -0.00921148     4.14633  -0.0215123     -3.7056    0.523569
626  -0.026515   -1.99072 -0.0164744    4.60233 -0.0176008   -3.42817   0.523569
621  -0.0615165    -2.57955 -0.00754601   -0.323214    0.285956   -0.665168           0
619  -0.113388   -2.78085 -0.0127995 -0.0690707   0.272501  -0.662472          0
622  -0.0421185    -2.47014 -0.00826249   -0.440419     0.29015   -0.662833           0
618 -0.130825  -2.86623 -0.016621 0.0666577  0.264275 -0.655713         0
625 -0.0350914   -2.10922 -0.0225816     4.9376 -0.0441909   -3.21136   0.523569
631 -0.0361585   -1.60815  0.0161445    3.42738  -0.012123   -4.13078   0.523569
623 -0.0362517   -2.34807 -0.0297437    5.62977 -0.0588295   -2.73372   0.523569
633 -0.0298426   -1.58731 0.00476935     3.2657 0.00190885   -4.24848   0.523569
632   -0.032558    -1.59291  0.00661579     3.33592 -0.00540048    -4.19343    0.523569
634  -0.0350587    -1.58609 0.000606442     3.20274 -0.00904359    -4.30087    0.523569
629 -0.0247711   -1.67783 0.00297232    3.69387 0.00436757   -3.96912   0.523569
